position,mask,active,move#,counts0,counts1,counts2,counts3,counts4,counts5,counts6
0,0,1,0,100,200,200,9200,100,100,100
0,0,1,0,100,100,100,9400,100,100,100
0,0,1,0,100,100,100,9300,100,100,200
0,0,1,0,100,100,100,9400,100,100,100
0,0,1,0,200,400,8900,100,100,200,100
0,0,1,0,100,100,100,9400,100,100,100
0,0,1,0,100,100,700,8500,400,100,100
0,0,1,0,100,100,400,9100,100,100,100
0,0,1,0,100,100,600,8800,200,100,100
0,0,1,0,100,200,100,9300,100,100,100
0,2097152,1,1,100,100,100,9400,100,100,100
0,2097152,1,1,100,100,100,9400,100,100,100
0,2097152,1,1,100,100,100,9400,100,100,100
0,2097152,1,1,100,100,100,9400,100,100,100
0,16384,1,1,100,200,100,9200,100,200,100
0,2097152,1,1,100,100,100,9400,100,100,100
0,2097152,1,1,100,100,100,9400,100,100,100
0,2097152,1,1,100,100,100,9400,100,100,100
0,2097152,1,1,100,100,100,9400,100,100,100
0,2097152,1,1,100,100,100,9400,100,100,100
2097152,6291456,1,2,100,100,100,9400,100,100,100
2097152,6291456,1,2,100,100,100,9400,100,100,100
2097152,6291456,1,2,100,100,100,9400,100,100,100
2097152,6291456,1,2,100,100,100,9400,100,100,100
16384,2113536,1,2,100,100,100,9400,100,100,100
2097152,6291456,1,2,100,100,100,9400,100,100,100
2097152,6291456,1,2,100,100,100,9400,100,100,100
2097152,6291456,1,2,100,100,100,9400,100,100,100
2097152,6291456,1,2,100,100,100,9400,100,100,100
2097152,6291456,1,2,100,100,100,9400,100,100,100
4194304,14680064,1,3,100,100,100,100,100,9400,100
4194304,14680064,1,3,100,100,100,100,100,9400,100
4194304,14680064,1,3,100,100,100,100,100,9400,100
4194304,14680064,1,3,100,100,100,100,100,9400,100
2097152,6307840,1,3,100,100,100,300,100,9200,100
4194304,14680064,1,3,100,100,100,100,100,9400,100
4194304,14680064,1,3,100,100,100,100,100,9400,100
4194304,14680064,1,3,100,100,100,100,100,9400,100
4194304,14680064,1,3,100,100,100,100,100,9400,100
4194304,14680064,1,3,100,100,100,100,100,9400,100
10485760,34374418432,1,4,100,100,100,100,100,9400,100
10485760,34374418432,1,4,100,100,100,100,100,9400,100
10485760,34374418432,1,4,100,100,100,100,100,9400,100
10485760,34374418432,1,4,100,100,100,100,100,9400,100
4210688,34366046208,1,4,100,200,300,900,200,8200,100
10485760,34374418432,1,4,100,100,100,100,100,9400,100
10485760,34374418432,1,4,100,100,100,100,100,9400,100
10485760,34374418432,1,4,100,100,100,100,100,9400,100
10485760,34374418432,1,4,100,100,100,100,100,9400,100
10485760,34374418432,1,4,100,100,100,100,100,9400,100
34363932672,103093895168,1,5,100,100,100,300,100,9200,100
34363932672,103093895168,1,5,100,100,100,300,100,9200,100
34363932672,103093895168,1,5,100,100,100,300,100,9200,100
34363932672,103093895168,1,5,100,100,100,300,100,9200,100
34361835520,103085522944,1,5,100,100,100,500,100,9000,100
34363932672,103093895168,1,5,100,100,100,300,100,9200,100
34363932672,103093895168,1,5,100,100,100,300,100,9200,100
34363932672,103093895168,1,5,100,100,100,300,100,9200,100
34363932672,103093895168,1,5,100,100,100,300,100,9200,100
34363932672,103093895168,1,5,100,100,100,300,100,9200,100
68729962496,240532848640,1,6,100,100,100,100,100,9400,100
68729962496,240532848640,1,6,100,100,100,100,100,9400,100
68729962496,240532848640,1,6,100,100,100,100,100,9400,100
68729962496,240532848640,1,6,100,100,100,100,100,9400,100
68723687424,240524476416,1,6,100,100,100,200,100,9300,100
68729962496,240532848640,1,6,100,100,100,100,100,9400,100
68729962496,240532848640,1,6,100,100,100,100,100,9400,100
68729962496,240532848640,1,6,100,100,100,100,100,9400,100
68729962496,240532848640,1,6,100,100,100,100,100,9400,100
68729962496,240532848640,1,6,100,100,100,100,100,9400,100
171802886144,515410755584,1,7,100,100,100,100,100,9400,100
171802886144,515410755584,1,7,100,100,100,100,100,9400,100
171802886144,515410755584,1,7,100,100,100,100,100,9400,100
171802886144,515410755584,1,7,100,100,100,100,100,9400,100
171800788992,515402383360,1,7,100,100,100,100,100,9400,100
171802886144,515410755584,1,7,100,100,100,100,100,9400,100
171802886144,515410755584,1,7,100,100,100,100,100,9400,100
171802886144,515410755584,1,7,100,100,100,100,100,9400,100
171802886144,515410755584,1,7,100,100,100,100,100,9400,100
171802886144,515410755584,1,7,100,100,100,100,100,9400,100
343607869440,1065166569472,1,8,100,100,100,100,100,9400,100
343607869440,1065166569472,1,8,100,100,100,100,100,9400,100
343607869440,1065166569472,1,8,100,100,100,100,100,9400,100
343607869440,1065166569472,1,8,100,100,100,100,100,9400,100
343601594368,1065158197248,1,8,100,100,100,100,100,9400,100
343607869440,1065166569472,1,8,100,100,100,100,100,9400,100
343607869440,1065166569472,1,8,100,100,100,100,100,9400,100
343607869440,1065166569472,1,8,100,100,100,100,100,9400,100
343607869440,1065166569472,1,8,100,100,100,100,100,9400,100
343607869440,1065166569472,1,8,100,100,100,100,100,9400,100
721558700032,2164678197248,1,9,100,100,5000,4500,100,100,100
721558700032,2164678197248,1,9,100,100,5000,4500,100,100,100
721558700032,2164678197248,1,9,100,100,5000,4500,100,100,100
721558700032,2164678197248,1,9,100,100,5000,4500,100,100,100
721556602880,2164669825024,1,9,100,100,2700,6800,100,100,100
721558700032,2164678197248,1,9,100,100,5000,4500,100,100,100
721558700032,2164678197248,1,9,100,100,5000,4500,100,100,100
721558700032,2164678197248,1,9,100,100,5000,4500,100,100,100
721558700032,2164678197248,1,9,100,100,5000,4500,100,100,100
721558700032,2164678197248,1,9,100,100,5000,4500,100,100,100
1443119497216,2164678213632,1,10,100,100,100,9400,100,100,100
1443119497216,2164678213632,1,10,100,100,100,9400,100,100,100
1443119497216,2164678213632,1,10,100,100,100,9400,100,100,100
1443119497216,2164678213632,1,10,100,100,100,9400,100,100,100
1443113222144,2164678213632,1,10,100,200,100,9300,100,100,100
1443119497216,2164678213632,1,10,100,100,100,9400,100,100,100
1443119497216,2164678213632,1,10,100,100,100,9400,100,100,100
1443119497216,2164678213632,1,10,100,100,100,9400,100,100,100
1443119497216,2164678213632,1,10,100,100,100,9400,100,100,100
1443119497216,2164678213632,1,10,100,100,100,9400,100,100,100
721558716416,2164694990848,1,11,100,100,100,9400,100,100,100
721558716416,2164694990848,1,11,100,100,100,9400,100,100,100
721558716416,2164694990848,1,11,100,100,100,9400,100,100,100
721558716416,2164694990848,1,11,100,100,100,9400,100,100,100
721564991488,2164694990848,1,11,100,100,100,9400,100,100,100
721558716416,2164694990848,1,11,100,100,100,9400,100,100,100
721558716416,2164694990848,1,11,100,100,100,9400,100,100,100
721558716416,2164694990848,1,11,100,100,100,9400,100,100,100
721558716416,2164694990848,1,11,100,100,100,9400,100,100,100
721558716416,2164694990848,1,11,100,100,100,9400,100,100,100
1443136274432,2164728545280,1,12,100,100,100,9400,100,100,100
1443136274432,2164728545280,1,12,100,100,100,9400,100,100,100
1443136274432,2164728545280,1,12,100,100,100,9400,100,100,100
1443136274432,2164728545280,1,12,100,100,100,9400,100,100,100
1443129999360,2164728545280,1,12,100,200,100,9300,100,100,100
1443136274432,2164728545280,1,12,100,100,100,9400,100,100,100
1443136274432,2164728545280,1,12,100,100,100,9400,100,100,100
1443136274432,2164728545280,1,12,100,100,100,9400,100,100,100
1443136274432,2164728545280,1,12,100,100,100,9400,100,100,100
1443136274432,2164728545280,1,12,100,100,100,9400,100,100,100
721592270848,2164795654144,1,13,100,9400,100,100,100,100,100
721592270848,2164795654144,1,13,100,9400,100,100,100,100,100
721592270848,2164795654144,1,13,100,9400,100,100,100,100,100
721592270848,2164795654144,1,13,100,9400,100,100,100,100,100
721598545920,2164795654144,1,13,700,8600,100,100,300,100,100
721592270848,2164795654144,1,13,100,9400,100,100,100,100,100
721592270848,2164795654144,1,13,100,9400,100,100,100,100,100
721592270848,2164795654144,1,13,100,9400,100,100,100,100,100
721592270848,2164795654144,1,13,100,9400,100,100,100,100,100
721592270848,2164795654144,1,13,100,9400,100,100,100,100,100
1443203383296,2164795654272,1,14,100,9400,100,100,100,100,100
1443203383296,2164795654272,1,14,100,9400,100,100,100,100,100
1443203383296,2164795654272,1,14,100,9400,100,100,100,100,100
1443203383296,2164795654272,1,14,100,9400,100,100,100,100,100
1443197108224,2164795654272,1,14,100,9400,100,100,100,100,100
1443203383296,2164795654272,1,14,100,9400,100,100,100,100,100
1443203383296,2164795654272,1,14,100,9400,100,100,100,100,100
1443203383296,2164795654272,1,14,100,9400,100,100,100,100,100
1443203383296,2164795654272,1,14,100,9400,100,100,100,100,100
1443203383296,2164795654272,1,14,100,9400,100,100,100,100,100
721592270976,2164795654528,1,15,100,9400,100,100,100,100,100
721592270976,2164795654528,1,15,100,9400,100,100,100,100,100
721592270976,2164795654528,1,15,100,9400,100,100,100,100,100
721592270976,2164795654528,1,15,100,9400,100,100,100,100,100
721598546048,2164795654528,1,15,100,9400,100,100,100,100,100
721592270976,2164795654528,1,15,100,9400,100,100,100,100,100
721592270976,2164795654528,1,15,100,9400,100,100,100,100,100
721592270976,2164795654528,1,15,100,9400,100,100,100,100,100
721592270976,2164795654528,1,15,100,9400,100,100,100,100,100
721592270976,2164795654528,1,15,100,9400,100,100,100,100,100
1443203383552,2164795655040,1,16,100,9400,100,100,100,100,100
1443203383552,2164795655040,1,16,100,9400,100,100,100,100,100
1443203383552,2164795655040,1,16,100,9400,100,100,100,100,100
1443203383552,2164795655040,1,16,100,9400,100,100,100,100,100
1443197108480,2164795655040,1,16,100,9400,100,100,100,100,100
1443203383552,2164795655040,1,16,100,9400,100,100,100,100,100
1443203383552,2164795655040,1,16,100,9400,100,100,100,100,100
1443203383552,2164795655040,1,16,100,9400,100,100,100,100,100
1443203383552,2164795655040,1,16,100,9400,100,100,100,100,100
1443203383552,2164795655040,1,16,100,9400,100,100,100,100,100
721592271488,2164795656064,1,17,100,9400,100,100,100,100,100
721592271488,2164795656064,1,17,100,9400,100,100,100,100,100
721592271488,2164795656064,1,17,100,9400,100,100,100,100,100
721592271488,2164795656064,1,17,100,9400,100,100,100,100,100
721598546560,2164795656064,1,17,100,9400,100,100,100,100,100
721592271488,2164795656064,1,17,100,9400,100,100,100,100,100
721592271488,2164795656064,1,17,100,9400,100,100,100,100,100
721592271488,2164795656064,1,17,100,9400,100,100,100,100,100
721592271488,2164795656064,1,17,100,9400,100,100,100,100,100
721592271488,2164795656064,1,17,100,9400,100,100,100,100,100
1443203384576,2164795658112,1,18,100,9400,100,100,100,100,100
1443203384576,2164795658112,1,18,100,9400,100,100,100,100,100
1443203384576,2164795658112,1,18,100,9400,100,100,100,100,100
1443203384576,2164795658112,1,18,100,9400,100,100,100,100,100
1443197109504,2164795658112,1,18,100,9400,100,100,100,100,100
1443203384576,2164795658112,1,18,100,9400,100,100,100,100,100
1443203384576,2164795658112,1,18,100,9400,100,100,100,100,100
1443203384576,2164795658112,1,18,100,9400,100,100,100,100,100
1443203384576,2164795658112,1,18,100,9400,100,100,100,100,100
1443203384576,2164795658112,1,18,100,9400,100,100,100,100,100
721592273536,2164795662208,1,19,100,100,9400,100,100,100,100
721592273536,2164795662208,1,19,100,100,9400,100,100,100,100
721592273536,2164795662208,1,19,100,100,9400,100,100,100,100
721592273536,2164795662208,1,19,100,100,9400,100,100,100,100
721598548608,2164795662208,1,19,100,100,9400,100,100,100,100
721592273536,2164795662208,1,19,100,100,9400,100,100,100,100
721592273536,2164795662208,1,19,100,100,9400,100,100,100,100
721592273536,2164795662208,1,19,100,100,9400,100,100,100,100
721592273536,2164795662208,1,19,100,100,9400,100,100,100,100
721592273536,2164795662208,1,19,100,100,9400,100,100,100,100
1443203388672,2164795694976,1,20,100,100,9400,100,100,100,100
1443203388672,2164795694976,1,20,100,100,9400,100,100,100,100
1443203388672,2164795694976,1,20,100,100,9400,100,100,100,100
1443203388672,2164795694976,1,20,100,100,9400,100,100,100,100
1443197113600,2164795694976,1,20,100,100,9400,100,100,100,100
1443203388672,2164795694976,1,20,100,100,9400,100,100,100,100
1443203388672,2164795694976,1,20,100,100,9400,100,100,100,100
1443203388672,2164795694976,1,20,100,100,9400,100,100,100,100
1443203388672,2164795694976,1,20,100,100,9400,100,100,100,100
1443203388672,2164795694976,1,20,100,100,9400,100,100,100,100
721592306304,2164795760512,1,21,100,100,9400,100,100,100,100
721592306304,2164795760512,1,21,100,100,9400,100,100,100,100
721592306304,2164795760512,1,21,100,100,9400,100,100,100,100
721592306304,2164795760512,1,21,100,100,9400,100,100,100,100
721598581376,2164795760512,1,21,100,100,9400,100,100,100,100
721592306304,2164795760512,1,21,100,100,9400,100,100,100,100
721592306304,2164795760512,1,21,100,100,9400,100,100,100,100
721592306304,2164795760512,1,21,100,100,9400,100,100,100,100
721592306304,2164795760512,1,21,100,100,9400,100,100,100,100
721592306304,2164795760512,1,21,100,100,9400,100,100,100,100
1443203454208,2164795891584,1,22,100,100,9400,100,100,100,100
1443203454208,2164795891584,1,22,100,100,9400,100,100,100,100
1443203454208,2164795891584,1,22,100,100,9400,100,100,100,100
1443203454208,2164795891584,1,22,100,100,9400,100,100,100,100
1443197179136,2164795891584,1,22,100,100,9400,100,100,100,100
1443203454208,2164795891584,1,22,100,100,9400,100,100,100,100
1443203454208,2164795891584,1,22,100,100,9400,100,100,100,100
1443203454208,2164795891584,1,22,100,100,9400,100,100,100,100
1443203454208,2164795891584,1,22,100,100,9400,100,100,100,100
1443203454208,2164795891584,1,22,100,100,9400,100,100,100,100
721592437376,2164796153728,1,23,9400,100,100,100,100,100,100
721592437376,2164796153728,1,23,9400,100,100,100,100,100,100
721592437376,2164796153728,1,23,9400,100,100,100,100,100,100
721592437376,2164796153728,1,23,9400,100,100,100,100,100,100
721598712448,2164796153728,1,23,9400,100,100,100,100,100,100
721592437376,2164796153728,1,23,9400,100,100,100,100,100,100
721592437376,2164796153728,1,23,9400,100,100,100,100,100,100
721592437376,2164796153728,1,23,9400,100,100,100,100,100,100
721592437376,2164796153728,1,23,9400,100,100,100,100,100,100
721592437376,2164796153728,1,23,9400,100,100,100,100,100,100
1443203716352,2164796153729,1,24,100,100,1000,100,8500,100,100
1443203716352,2164796153729,1,24,100,100,1100,100,8400,100,100
1443203716352,2164796153729,1,24,100,100,1000,100,8500,100,100
1443203716352,2164796153729,1,24,100,100,1000,100,8500,100,100
1443197441280,2164796153729,1,24,100,100,9400,100,100,100,100
1443203716352,2164796153729,1,24,100,100,1000,100,8500,100,100
1443203716352,2164796153729,1,24,100,100,1000,100,8500,100,100
1443203716352,2164796153729,1,24,100,100,1000,100,8500,100,100
1443203716352,2164796153729,1,24,100,100,1000,100,8500,100,100
1443203716352,2164796153729,1,24,100,100,1000,100,8500,100,100
721592437377,2165064589185,1,25,9300,100,200,100,100,100,100
721592437377,2165064589185,1,25,9300,100,200,100,100,100,100
721592437377,2165064589185,1,25,9300,100,200,100,100,100,100
721592437377,2165064589185,1,25,9300,100,200,100,100,100,100
721598712449,2164796678017,1,25,9400,100,100,100,100,100,100
721592437377,2165064589185,1,25,9300,100,200,100,100,100,100
721592437377,2165064589185,1,25,9300,100,200,100,100,100,100
721592437377,2165064589185,1,25,9300,100,200,100,100,100,100
721592437377,2165064589185,1,25,9300,100,200,100,100,100,100
721592437377,2165064589185,1,25,9300,100,200,100,100,100,100
