position,mask,active,move#,counts0,counts1,counts2,counts3,counts4,counts5,counts6
0,0,1,0,100,100,200,9300,100,100,100
0,0,1,0,100,100,100,9400,100,100,100
0,0,1,0,100,100,100,9400,100,100,100
0,0,1,0,100,100,100,9400,100,100,100
0,0,1,0,100,100,100,9400,100,100,100
0,0,1,0,100,100,200,9200,200,100,100
0,0,1,0,100,100,100,9400,100,100,100
0,0,1,0,100,200,100,9300,100,100,100
0,0,1,0,100,100,100,9400,100,100,100
0,0,1,0,100,100,300,9200,100,100,100
0,1,1,1,100,100,9400,100,100,100,100
0,16384,1,1,100,100,9400,100,100,100,100
0,268435456,1,1,100,100,9200,100,300,100,100
0,4398046511104,1,1,100,100,200,9300,100,100,100
0,1,1,1,100,100,9400,100,100,100,100
0,2097152,1,1,100,100,9400,100,100,100,100
0,16384,1,1,100,100,9400,100,100,100,100
0,4398046511104,1,1,100,100,100,9300,100,100,200
0,34359738368,1,1,100,100,9400,100,100,100,100
0,1,1,1,100,100,9400,100,100,100,100
1,268435457,1,2,100,100,9400,100,100,100,100
16384,4398046527488,1,2,100,100,9300,100,200,100,100
268435456,34628173824,1,2,100,100,9400,100,100,100,100
4398046511104,4398048608256,1,2,100,100,9400,100,100,100,100
1,4398046511105,1,2,100,100,9400,100,100,100,100
2097152,2113536,1,2,100,100,9400,100,100,100,100
16384,268451840,1,2,100,100,9300,100,200,100,100
4398046511104,4398046527488,1,2,100,100,9400,100,100,100,100
34359738368,4432406249472,1,2,100,100,9400,100,100,100,100
1,16385,1,2,100,100,9400,100,100,100,100
268435456,268435459,1,3,100,100,9400,100,100,100,100
4398046511104,4398048624640,1,3,100,100,9400,100,100,100,100
34359738368,34628190208,1,3,100,100,9400,100,100,100,100
2097152,4398048608257,1,3,100,100,9400,100,100,100,100
4398046511104,4398048608257,1,3,100,100,9400,100,100,100,100
16384,2113537,1,3,100,100,9400,100,100,100,100
268435456,268451841,1,3,100,100,9400,100,100,100,100
16384,4398046527489,1,3,100,100,9400,100,100,100,100
4398046511104,4432406265856,1,3,100,100,9400,100,100,100,100
16384,49153,1,3,100,100,9400,100,100,100,100
3,805306371,1,4,100,100,9400,100,100,100,100
2113536,4398048624768,1,4,100,100,9300,100,200,100,100
268451840,103347666944,1,4,100,100,9300,100,200,100,100
4398046511105,4398048608259,1,4,100,100,9300,100,100,200,100
2097153,4398048608385,1,4,100,100,9400,100,100,100,100
2097153,4398048624641,1,4,100,100,9400,100,100,100,100
16385,268451843,1,4,100,100,9300,100,200,100,100
4398046511105,4398048624641,1,4,100,100,9400,100,100,100,100
34359754752,13228499288064,1,4,100,100,9300,100,200,100,100
32769,268484609,1,4,100,100,9300,100,200,100,100
805306368,805322755,1,5,100,100,9200,100,300,100,100
4398046511232,4398317060224,1,5,100,100,9200,100,300,100,100
103079215104,103349764096,1,5,100,100,9200,100,300,100,100
2097154,4398048608263,1,5,100,100,9300,100,200,100,100
4398046511232,4432408346753,1,5,100,100,9300,100,200,100,100
4398046527488,13194141646849,1,5,100,100,9200,100,300,100,100
268435458,268484611,1,5,100,100,9200,100,300,100,100
2113536,4398048624769,1,5,100,100,9300,100,200,100,100
13194139533312,13228501385216,1,5,100,100,9300,100,200,100,100
268451840,270581761,1,5,100,100,9000,100,500,100,100
16387,1879064579,1,6,100,100,9200,100,300,100,100
270548992,4398321254528,1,6,100,100,9200,100,300,100,100
270548992,4501396275200,1,6,100,100,9200,100,300,100,100
4398046511109,4398052802567,1,6,100,100,9300,100,200,100,100
34361835521,4432408347009,1,6,100,100,9400,100,100,100,100
8796095119361,13194141646977,1,6,100,100,9300,100,200,100,100
49153,805355523,1,6,100,100,9000,100,500,100,100
4398046511233,4398048657537,1,6,100,100,9300,100,200,100,100
34361851904,30820687429632,1,6,100,100,9200,100,300,100,100
2129921,4398317092865,1,6,100,100,9100,100,400,100,100
1879048192,1879064707,1,7,100,100,9200,100,300,100,100
4398050705536,4398321254529,1,7,100,100,9200,100,300,100,100
4501125726208,4501400469504,1,7,100,100,9100,100,400,100,100
6291458,4432412540935,1,7,100,100,9200,100,300,100,100
4398046511488,13228501369217,1,7,100,100,9300,100,200,100,100
4398046527616,13194410082433,1,7,100,100,9200,100,300,100,100
805306370,805355527,1,7,100,100,9200,100,300,100,100
2146304,4398317092993,1,7,100,100,9100,100,400,100,100
30786325577728,30820687429760,1,7,100,100,9300,100,200,100,100
4398314962944,4398317092993,1,7,100,100,9100,100,400,100,100
16515,1879097475,1,8,100,100,9400,100,100,100,100
270548993,13194414276737,1,8,100,100,9400,100,100,100,100
274743296,4501400502272,1,8,100,100,9300,100,200,100,100
4432406249477,13228505563143,1,8,100,100,9400,100,100,100,100
8830454857729,13228505563521,1,8,100,100,9400,100,100,100,100
8796363554817,13194414276737,1,8,100,100,9400,100,100,100,100
49157,35165093895,1,8,100,100,9400,100,100,100,100
4398314946689,4398317092995,1,8,100,100,9400,100,100,100,100
34361852032,30820687430016,1,8,100,100,9400,100,100,100,100
2130049,4398317093249,1,8,100,100,9400,100,100,100,100
1879080960,4026581123,1,9,100,100,9300,100,200,100,100
13194143727744,13194422665345,1,9,100,100,9200,100,300,100,100
4501125758976,13297493524480,1,9,100,100,9100,100,400,100,100
8796099313666,13228513951751,1,9,100,100,9300,100,200,100,100
4398050705792,13228505564033,1,9,100,100,9400,100,100,100,100
4398050721920,13228774015105,1,9,100,100,9300,100,200,100,100
35165044738,35167191047,1,9,100,100,9200,100,300,100,100
2146306,4432676831363,1,9,100,100,9300,100,200,100,100
4398314963200,4398321287553,1,9,100,100,9200,100,300,100,100
2147500163,4402073092227,1,10,100,100,9300,100,200,100,100
278937601,13194439442561,1,10,100,100,9400,100,100,100,100
8796367765504,13434932477952,1,10,100,100,9300,100,200,100,100
4432414638085,13228782387207,1,10,100,100,9300,100,200,100,100
8830454858241,13228505565057,1,10,100,100,9400,100,100,100,100
8830723293185,13228782403713,1,10,100,100,9300,100,200,100,100
2146309,36240932871,1,10,100,100,9400,100,100,100,100
4432674685057,4501396308099,1,10,100,100,9300,100,200,100,100
6324353,4398321288065,1,10,100,100,9400,100,100,100,100
4399925592064,4406368059523,1,11,100,100,9300,100,200,100,100
13194160504960,13194439475329,1,11,100,100,9100,100,400,100,100
4638564712448,31027118522368,1,11,100,100,8900,100,600,100,100
8796367749122,13228782403591,1,11,100,100,9200,100,300,100,100
4398050706816,13228505567105,1,11,100,100,9300,100,200,100,100
4398059110528,13228782436481,1,11,100,100,9200,100,300,100,100
36238786562,36245127175,1,11,100,100,8900,100,600,100,100
68721623042,4501933179011,1,11,100,100,9200,100,300,100,100
4398314963712,4398858158977,1,11,100,100,9100,100,400,100,100
6442467459,4414957994115,1,12,100,100,9400,100,100,100,100
278970369,30786625519745,1,12,100,100,9400,100,100,100,100
26388553809920,31027118587904,1,12,100,100,9300,100,200,100,100
4432414654469,13297501880327,1,12,100,100,9400,100,100,100,100
8830454860289,13228505583489,1,12,100,100,9400,100,100,100,100
8830723325953,13229319307393,1,12,100,100,9400,100,100,100,100
6340613,36245192711,1,12,100,100,9400,100,100,100,100
4433211555969,13298026201219,1,12,100,100,9400,100,100,100,100
543195265,4433217897345,1,12,100,100,9400,100,100,100,100
30786346549376,30786625585281,1,13,100,100,9200,100,300,100,100
4638564777984,31027655458816,1,13,100,100,9300,100,200,100,100
8865087225858,30889687924743,1,13,100,100,9200,100,300,100,100
4398050723200,13297225060225,1,13,100,100,9300,100,200,100,100
4398595981440,13298038784129,1,13,100,100,9300,100,200,100,100
36238852098,36253581319,1,13,100,100,9100,100,400,100,100
8864814645250,13298026201475,1,13,100,100,9300,100,200,100,100
4432674702080,4433217962881,1,13,100,100,9300,100,200,100,100
279035905,30786659139713,1,14,100,100,9400,100,100,100,100
26389090680832,31027663847424,1,14,100,100,9300,100,200,100,100
22024600698885,30889704701959,1,14,100,100,9400,100,100,100,100
8899174337025,13297225092993,1,14,100,100,9400,100,100,100,100
8899442802689,30890224828545,1,14,100,100,9400,100,100,100,100
14729221,104973058055,1,14,100,100,9400,100,100,100,100
4433211556225,13298026201987,1,14,100,100,9400,100,100,100,100
543260801,4433218093953,1,14,100,100,9400,100,100,100,100
30786380103808,30786726248577,1,15,100,100,9100,100,400,100,100
8865104003074,30889704702087,1,15,100,100,9200,100,300,100,100
4398050755968,30889411137409,1,15,100,100,9300,100,200,100,100
21990782025856,30890224828801,1,15,100,100,9300,100,200,100,100
104958328834,104973189127,1,15,100,100,9200,100,300,100,100
8864814645762,13298026267523,1,15,100,100,9300,100,200,100,100
4432674833152,4433218093955,1,15,100,100,9200,100,300,100,100
346144769,30786726379649,1,16,100,100,9400,100,100,100,100
22024600699013,30889704702343,1,16,100,100,9400,100,100,100,100
8899442802945,30890224894337,1,16,100,100,9400,100,100,100,100
14860293,104973189135,1,16,100,100,9400,100,100,100,100
4433211621761,13298026398595,1,16,100,100,9400,100,100,100,100
543260803,4433218356099,1,16,100,100,9400,100,100,100,100
30786380234880,30786726379651,1,17,100,100,6600,100,2900,100,100
8865104003330,30889704702855,1,17,100,100,7800,100,1700,100,100
21990782091392,30890224894849,1,17,100,100,8400,100,1100,100,100
104958328842,242412142607,1,17,100,100,6800,100,2700,100,100
8864814776834,13299100140419,1,17,100,100,7800,100,1700,100,100
4432675095296,4433218880387,1,17,100,100,100,100,9400,100,100
346144771,30786726379655,1,18,100,100,7800,100,1700,100,100
22024600699525,66074076791687,1,18,100,100,8000,100,1500,100,100
8899442803457,30890225025921,1,18,100,100,7900,100,1600,100,100
137453813765,242412142623,1,18,100,100,8100,100,1400,100,100
4434285363585,13299104334723,1,18,100,100,7800,100,1700,100,100
543785091,4501938357123,1,18,100,100,100,100,9400,100,100
30786380234884,65971098468487,1,19,100,100,6900,100,2600,100,100
44049476092162,66074076824455,1,19,100,100,7600,100,1900,100,100
21990782222464,31027663979393,1,19,100,100,8200,100,1300,100,100
104958328858,517290049567,1,19,100,100,6400,100,3100,100,100
8864818971138,13299104334727,1,19,100,100,7400,100,2100,100,100
4501394572032,4501938357127,1,19,100,100,100,100,9300,200,100
35184718233603,65971098468743,1,20,100,100,8000,100,1500,100,100
22024600732293,66074076825479,1,20,100,100,8200,100,1300,100,100
9036881756929,31028737721217,1,20,100,100,8000,100,1500,100,100
412331720709,517290049599,1,20,100,100,8200,100,1300,100,100
4434285363589,30891290379143,1,20,100,100,8100,100,1400,100,100
543785095,4501938358151,1,20,100,100,100,100,9400,100,100
44049476093186,66074076825487,1,21,100,100,7400,100,2100,100,100
21991855964288,31028737721219,1,21,100,100,7900,100,1600,100,100
26457005015554,30891298767751,1,21,100,100,7500,100,2000,100,100
4501394573056,4501938360199,1,21,100,100,100,100,9300,200,100
22024600732301,136442821003151,1,22,100,100,8100,100,1400,100,100
9036881756931,31028737983363,1,22,100,100,7500,100,2000,100,100
4434293752197,30893446251399,1,22,100,100,8200,100,1300,100,100
543787143,13298031382407,1,22,100,100,100,100,9400,100,100
114418220270850,136442854557583,1,23,100,100,7400,100,2100,100,100
21991856226432,66213110072195,1,23,100,100,7900,100,1600,100,100
13297487595264,13299105124231,1,23,100,100,100,100,9200,300,100
22024634286733,136442921666447,1,24,100,100,8100,100,1400,100,100
44221253845763,66213126849411,1,24,100,100,7500,100,2000,100,100
1617528967,13436544077703,1,24,100,100,100,100,9400,100,100
114418287379714,136443458537359,1,25,100,100,8000,100,1500,100,100
21991873003648,66213126850435,1,25,100,100,8000,100,1500,100,100
13434926548736,13438691561351,1,25,100,100,100,100,9300,200,100
22025171157645,136443458537375,1,26,100,100,9100,100,400,100,100
3765012615,13442986528647,1,26,100,100,100,100,9400,100,100
114418287379730,136580897490847,1,27,100,100,7900,100,1600,100,100
13439221516032,31035172573063,1,27,100,100,100,100,9200,300,100
22162610111117,136580897492895,1,28,100,100,9000,100,500,100,100
17595951057031,66219544661895,1,28,100,100,100,100,9400,100,100
114418287381778,136580897492927,1,29,100,100,8700,100,800,100,100
48623593604864,66494422568839,1,29,100,100,100,100,9400,100,100
22162610111149,277318385848255,1,30,100,100,8800,100,700,100,100
17870828963975,136863166746503,1,30,100,100,100,100,9400,100,100
255155775737106,277318385852351,1,31,100,100,8700,100,800,100,100
