position,mask,active,move#,counts0,counts1,counts2,counts3,counts4,counts5,counts6
0,0,1,0,100,100,100,9300,100,200,100
0,0,1,0,100,100,100,9300,200,100,100
0,0,1,0,100,100,600,8900,100,100,100
0,0,1,0,100,200,300,9100,100,100,100
0,0,1,0,100,100,100,9400,100,100,100
0,0,1,0,100,100,100,9400,100,100,100
0,0,1,0,100,100,100,9200,100,300,100
0,0,1,0,100,100,100,9400,100,100,100
0,0,1,0,100,100,100,9400,100,100,100
0,0,1,0,100,100,100,9400,100,100,100
0,2097152,1,1,100,100,9400,100,100,100,100
0,2097152,1,1,100,100,9400,100,100,100,100
0,2097152,1,1,100,100,9400,100,100,100,100
0,2097152,1,1,100,100,9400,100,100,100,100
0,2097152,1,1,100,100,9400,100,100,100,100
0,2097152,1,1,100,100,9400,100,100,100,100
0,2097152,1,1,100,100,9400,100,100,100,100
0,2097152,1,1,100,100,9400,100,100,100,100
0,2097152,1,1,100,100,9400,100,100,100,100
0,2097152,1,1,100,100,9400,100,100,100,100
2097152,2113536,1,2,100,100,9400,100,100,100,100
2097152,2113536,1,2,100,100,9400,100,100,100,100
2097152,2113536,1,2,100,100,9400,100,100,100,100
2097152,2113536,1,2,100,100,9400,100,100,100,100
2097152,2113536,1,2,100,100,9400,100,100,100,100
2097152,2113536,1,2,100,100,9400,100,100,100,100
2097152,2113536,1,2,100,100,9400,100,100,100,100
2097152,2113536,1,2,100,100,9400,100,100,100,100
2097152,2113536,1,2,100,100,9400,100,100,100,100
2097152,2113536,1,2,100,100,9400,100,100,100,100
16384,2146304,1,3,100,100,100,9400,100,100,100
16384,2146304,1,3,100,100,100,9400,100,100,100
16384,2146304,1,3,100,100,100,9400,100,100,100
16384,2146304,1,3,100,100,100,9400,100,100,100
16384,2146304,1,3,100,100,100,9400,100,100,100
16384,2146304,1,3,100,100,100,9400,100,100,100
16384,2146304,1,3,100,100,100,9400,100,100,100
16384,2146304,1,3,100,100,100,9400,100,100,100
16384,2146304,1,3,100,100,100,9400,100,100,100
16384,2146304,1,3,100,100,100,9400,100,100,100
2129920,6340608,1,4,100,100,100,9400,100,100,100
2129920,6340608,1,4,100,100,100,9400,100,100,100
2129920,6340608,1,4,100,100,100,9400,100,100,100
2129920,6340608,1,4,100,100,100,9400,100,100,100
2129920,6340608,1,4,100,100,100,9400,100,100,100
2129920,6340608,1,4,100,100,100,9400,100,100,100
2129920,6340608,1,4,100,100,100,9400,100,100,100
2129920,6340608,1,4,100,100,100,9400,100,100,100
2129920,6340608,1,4,100,100,100,9400,100,100,100
2129920,6340608,1,4,100,100,100,9400,100,100,100
4210688,14729216,1,5,100,100,100,9400,100,100,100
4210688,14729216,1,5,100,100,100,9400,100,100,100
4210688,14729216,1,5,100,100,100,9400,100,100,100
4210688,14729216,1,5,100,100,100,9400,100,100,100
4210688,14729216,1,5,100,100,100,9400,100,100,100
4210688,4398052851712,1,5,100,100,100,9400,100,100,100
4210688,14729216,1,5,100,100,100,9400,100,100,100
4210688,14729216,1,5,100,100,100,9400,100,100,100
4210688,14729216,1,5,100,100,100,9400,100,100,100
4210688,14729216,1,5,100,100,100,9400,100,100,100
10518528,31506432,1,6,100,100,9200,300,100,100,100
10518528,31506432,1,6,100,100,9200,300,100,100,100
10518528,31506432,1,6,100,100,9200,300,100,100,100
10518528,31506432,1,6,100,100,9200,300,100,100,100
10518528,31506432,1,6,100,100,9200,300,100,100,100
4398048641024,4398061240320,1,6,100,100,9000,500,100,100,100
10518528,31506432,1,6,100,100,9200,300,100,100,100
10518528,31506432,1,6,100,100,9200,300,100,100,100
10518528,31506432,1,6,100,100,9200,300,100,100,100
10518528,31506432,1,6,100,100,9200,300,100,100,100
20987904,31571968,1,7,100,100,9400,100,100,100,100
20987904,31571968,1,7,100,100,9400,100,100,100,100
20987904,65060864,1,7,100,100,9400,100,100,100,100
20987904,31571968,1,7,100,100,9400,100,100,100,100
20987904,31571968,1,7,100,100,9400,100,100,100,100
12599296,4398061305856,1,7,100,100,9400,100,100,100,100
20987904,31571968,1,7,100,100,9400,100,100,100,100
20987904,31571968,1,7,100,100,9400,100,100,100,100
20987904,31571968,1,7,100,100,9400,100,100,100,100
20987904,31571968,1,7,100,100,9400,100,100,100,100
10584064,31703040,1,8,100,100,9100,100,100,400,100
10584064,31703040,1,8,100,100,9100,100,100,400,100
44072960,65126400,1,8,100,100,9300,200,100,100,100
10584064,31703040,1,8,100,100,9100,100,100,400,100
10584064,31703040,1,8,100,100,9100,100,100,400,100
4398048706560,4398061436928,1,8,100,100,9300,200,100,100,100
10584064,31703040,1,8,100,100,9100,100,100,400,100
10584064,31703040,1,8,100,100,9100,100,100,400,100
10584064,31703040,1,8,100,100,9100,100,100,400,100
10584064,31703040,1,8,100,100,9100,100,100,400,100
21118976,31965184,1,9,100,100,9400,100,100,100,100
21118976,31965184,1,9,100,100,9400,100,100,100,100
21053440,65257472,1,9,100,100,9400,100,100,100,100
21118976,31965184,1,9,100,100,9400,100,100,100,100
21118976,31965184,1,9,100,100,9400,100,100,100,100
12730368,4398061699072,1,9,100,100,9400,100,100,100,100
21118976,65257472,1,9,100,100,9400,100,100,100,100
21118976,34391441408,1,9,100,100,9400,100,100,100,100
21118976,31965184,1,9,100,100,9400,100,100,100,100
21118976,4398078214144,1,9,100,100,9400,100,100,100,100
10846208,32489472,1,10,100,100,100,9400,100,100,100
10846208,32489472,1,10,100,100,100,9400,100,100,100
44204032,65519616,1,10,100,100,600,8800,200,100,100
10846208,32489472,1,10,100,100,100,9400,100,100,100
10846208,32489472,1,10,100,100,100,9400,100,100,100
4398048968704,4398062223360,1,10,100,100,100,9400,100,100,100
44138496,65519616,1,10,100,100,300,9100,200,100,100
34370322432,34391703552,1,10,100,100,200,9300,100,100,100
10846208,32489472,1,10,100,100,100,9400,100,100,100
4398057095168,4398078476288,1,10,100,100,200,9200,200,100,100
21643264,32489600,1,11,100,9300,100,100,200,100,100
21643264,66043904,1,11,100,9400,100,100,100,100,100
21315584,132628480,1,11,100,100,9400,100,100,100,100
21643264,66043904,1,11,100,9400,100,100,100,100,100
21643264,66043904,1,11,100,9400,100,100,100,100,100
13254656,4398079000576,1,11,100,8700,100,100,800,100,100
21381120,65519617,1,11,100,1600,7900,100,100,100,100
21381120,34425257984,1,11,100,500,9000,100,100,100,100
21643264,66043904,1,11,100,9400,100,100,100,100,100
21381120,4398112030720,1,11,100,700,8800,100,100,100,100
10846336,32489856,1,12,100,100,100,9400,100,100,100
44400640,66044032,1,12,100,100,100,8800,700,100,100
111312896,133152768,1,12,100,100,100,100,9400,100,100
44400640,66044032,1,12,100,100,100,8700,800,100,100
44400640,66044032,1,12,100,100,100,8700,800,100,100
4398065745920,4398079000704,1,12,100,100,100,9400,100,100,100
44138497,66043905,1,12,100,100,100,6900,2600,100,100
34403876864,34425782272,1,12,100,100,100,9400,100,100,100
44400640,66044032,1,12,100,100,100,8800,700,100,100
4398090649600,4398112555008,1,12,100,100,100,8000,1500,100,100
21643520,66044288,1,13,100,9000,100,100,500,100,100
21643392,133152896,1,13,6900,2600,100,100,100,100,100
21839872,401588224,1,13,6600,2900,100,100,100,100,100
21643392,133152896,1,13,7000,2500,100,100,100,100,100
21643392,66044033,1,13,100,9400,100,100,100,100,100
13254784,4398112555136,1,13,100,8800,100,100,600,100,200
21905408,334479361,1,13,1000,8500,100,100,100,100,100
21905408,34492891136,1,13,8300,1200,100,100,100,100,100
21643392,334479488,1,13,100,9400,100,100,100,100,100
21905408,4398179663872,1,13,7100,2400,100,100,100,100,100
44400768,66044800,1,14,100,100,100,9400,100,100,100
111509504,133152897,1,14,100,100,100,100,9400,100,100
379748352,401588225,1,14,100,100,100,100,9400,100,100
111509504,133152897,1,14,100,100,100,100,9400,100,100
44400641,66044289,1,14,100,100,100,2300,7200,100,100
4398099300352,4398112555392,1,14,100,200,100,9300,100,100,100
312573953,334479489,1,14,100,100,100,2000,7500,100,100
34470985728,34492891137,1,14,100,100,100,100,9400,100,100
312836096,334479744,1,14,100,100,100,6700,2800,100,100
4398157758464,4398179663873,1,14,100,100,100,100,9400,100,100
21644032,133153664,1,15,100,1900,100,100,7600,100,100
21643393,401588353,1,15,800,8100,100,100,700,100,100
21839873,938459137,1,15,4800,4700,100,100,100,100,100
21643393,401588353,1,15,800,8100,100,100,700,100,100
21643648,334479745,1,15,100,8300,100,100,1200,100,100
13255040,4398179664256,1,15,100,100,100,100,9400,100,100
21905536,871350401,1,15,200,9200,100,100,200,100,100
21905409,34761326593,1,15,1800,6800,100,100,1000,100,100
21643648,871350656,1,15,100,7600,100,100,1900,100,100
21905409,4398448099329,1,15,1600,7700,100,100,300,100,100
111509632,401589120,1,16,100,100,100,100,9400,100,100
379944960,938459265,1,16,9400,100,100,100,100,100,100
916619264,938459139,1,16,100,100,100,100,9400,100,100
379944960,401588609,1,16,100,100,100,100,9400,100,100
312836097,871350657,1,16,800,100,100,600,8200,100,100
4398166409216,4398448099712,1,16,6200,3300,100,100,100,100,100
849444865,871350657,1,16,300,100,100,400,8900,100,100
34739421184,34761326721,1,16,100,100,100,100,9400,100,100
849707008,871351168,1,16,7000,100,100,2500,100,100,100
4398426193920,4398448099331,1,16,100,100,100,100,9400,100,100
290079488,938460032,1,17,100,100,100,100,9400,100,100
558514305,938459267,1,17,5500,2800,100,100,1300,100,100
21839875,2012200963,1,17,9400,100,100,100,100,100,100
21643649,938459521,1,17,3300,2700,100,100,3600,100,100
558514560,1945092481,1,17,100,2000,100,100,7500,100,100
281690496,4398448100224,1,17,100,100,100,100,9400,100,100
21905792,1945092481,1,17,100,2100,100,100,7400,100,100
21905537,35298197633,1,17,6300,1000,100,100,2300,100,100
21644160,871351169,1,17,100,5100,100,100,4400,100,100
21905411,4398984970243,1,17,7900,1600,100,100,100,100,100
648380544,2012201856,1,18,100,100,100,100,100,9400,100
379944962,938459271,1,18,9400,100,100,100,100,100,100
1990361088,2012200967,1,18,8600,900,100,100,100,100,100
916815872,2012201345,1,18,100,100,100,100,9400,100,100
1386577921,4092576129,1,18,100,2300,100,600,6700,100,100
4398166409728,4398984971136,1,18,100,9400,100,100,100,100,100
1923186689,4092576129,1,18,100,100,100,700,8800,100,100
35276292096,35298197635,1,18,100,100,100,100,9400,100,100
4398963064832,4398984970371,1,18,100,100,100,100,9400,100,100
1363821312,36371940224,1,19,3500,5800,100,100,300,100,100
558514309,938459279,1,19,3000,6500,100,100,100,100,100
21839879,2012200975,1,19,9400,100,100,100,100,100,100
1095385473,4159684993,1,19,2300,7200,100,100,100,100,100
2705998208,8387543425,1,19,100,3900,100,200,5500,100,100
818561408,4398984972160,1,19,100,100,100,100,9400,100,100
2169389440,8387543425,1,19,100,4100,100,200,5300,100,100
21905539,36371939459,1,19,6200,100,100,100,3300,100,100
21905539,4400058712195,1,19,8600,100,100,100,900,100,100
35008118912,36371941248,1,20,100,100,100,100,100,9400,100
379944970,938459535,1,20,100,100,100,100,9400,100,100
1990361096,2012200991,1,20,100,9400,100,100,100,100,100
3064299520,4159685505,1,20,100,100,100,100,9400,100,100
5681545217,16977478017,1,20,100,900,100,700,100,8000,100
4398166410752,4400058713984,1,20,100,9400,100,100,100,100,100
6218153985,8387543937,1,20,100,100,100,1900,7600,100,100
36350033920,38519423107,1,20,100,3600,100,100,5900,100,100
4400036806656,4400058712199,1,20,2100,100,100,100,7400,100,100
1363822336,105091417984,1,21,100,8900,100,100,600,100,100
558514565,2012201359,1,21,1400,6700,100,100,1500,100,100
21839895,2012201119,1,21,9400,100,100,100,100,100,100
1095385985,8454652801,1,21,100,7400,100,100,2100,100,100
11295932800,51337216385,1,21,100,9200,100,300,100,100,100
1892303232,4400058716032,1,21,100,100,100,100,9400,100,100
2169389952,16977478529,1,21,100,9300,100,200,100,100,100
2169389187,38519423363,1,21,3200,100,100,100,6300,100,100
1453686794,2012201871,1,22,100,9400,100,100,100,100,100
1990361224,2012201151,1,22,100,9400,100,100,100,100,100
7359266816,17044587393,1,22,100,100,100,100,100,9400,100
40041283585,51337216897,1,22,100,100,100,1300,100,8200,100
36350034176,42814390659,1,22,100,100,100,100,100,9400,100
558515077,2012202895,1,23,100,7200,100,100,2300,100,100
21839927,2012201407,1,23,100,9400,100,100,100,100,100
9685320577,51404325761,1,23,100,9400,100,100,100,100,100
11295933312,120056693633,1,23,100,9200,100,300,100,100,100
6464356483,111533867395,1,23,100,100,100,100,9400,100,100
1453687818,2012204943,1,24,1300,8200,100,100,100,100,100
1990361480,2012201919,1,24,100,9400,100,100,100,100,100
105069510912,120123801987,1,24,100,3300,100,100,100,6200,100
558517125,2012209039,1,25,100,100,100,100,9400,100,100
21840439,2012202943,1,25,100,100,100,100,9400,100,100
1453691914,4159692687,1,26,100,100,100,100,9400,100,100
1990362504,4159686591,1,26,100,9400,100,100,100,100,100
2706000773,8454659983,1,27,100,100,100,100,9100,400,100
5748659210,17044594575,1,28,100,100,100,100,100,9400,100
11295935365,51404332943,1,29,100,100,100,100,100,9400,100
40108397578,120123809679,1,30,100,100,100,100,100,9400,100
